solid STL generated by MeshLab
  facet normal  3.568227e-01  9.341722e-01  0.000000e+00
    outer loop
      vertex   1.998035e+00  4.564912e+00  4.116179e-01
      vertex   1.998035e+00  4.564912e+00 -4.116179e-01
      vertex   1.332024e+00  4.819306e+00  0.000000e+00
    endloop
  endfacet
  facet normal -3.568227e-01  9.341722e-01  0.000000e+00
    outer loop
      vertex  -1.998035e+00  4.564912e+00 -4.116179e-01
      vertex  -1.998035e+00  4.564912e+00  4.116179e-01
      vertex  -1.332024e+00  4.819306e+00  0.000000e+00
    endloop
  endfacet
  facet normal  3.568227e-01 -9.341722e-01  0.000000e+00
    outer loop
      vertex   1.998035e+00 -4.564912e+00 -4.116179e-01
      vertex   1.998035e+00 -4.564912e+00  4.116179e-01
      vertex   1.332024e+00 -4.819306e+00  0.000000e+00
    endloop
  endfacet
  facet normal -3.568227e-01 -9.341722e-01 -0.000000e+00
    outer loop
      vertex  -1.998035e+00 -4.564912e+00  4.116179e-01
      vertex  -1.998035e+00 -4.564912e+00 -4.116179e-01
      vertex  -1.332024e+00 -4.819306e+00  0.000000e+00
    endloop
  endfacet
  facet normal  9.341722e-01  0.000000e+00 -3.568227e-01
    outer loop
      vertex   4.564912e+00 -4.116179e-01 -1.998035e+00
      vertex   4.564912e+00  4.116179e-01 -1.998035e+00
      vertex   4.819306e+00  0.000000e+00 -1.332024e+00
    endloop
  endfacet
  facet normal  9.341722e-01  0.000000e+00  3.568227e-01
    outer loop
      vertex   4.564912e+00  4.116179e-01  1.998035e+00
      vertex   4.564912e+00 -4.116179e-01  1.998035e+00
      vertex   4.819306e+00  0.000000e+00  1.332024e+00
    endloop
  endfacet
  facet normal -9.341722e-01  0.000000e+00  3.568227e-01
    outer loop
      vertex  -4.564912e+00 -4.116179e-01  1.998035e+00
      vertex  -4.564912e+00  4.116179e-01  1.998035e+00
      vertex  -4.819306e+00  0.000000e+00  1.332024e+00
    endloop
  endfacet
  facet normal -9.341722e-01 -0.000000e+00 -3.568227e-01
    outer loop
      vertex  -4.564912e+00  4.116179e-01 -1.998035e+00
      vertex  -4.564912e+00 -4.116179e-01 -1.998035e+00
      vertex  -4.819306e+00  0.000000e+00 -1.332024e+00
    endloop
  endfacet
  facet normal  0.000000e+00 -3.568227e-01  9.341722e-01
    outer loop
      vertex  -4.116179e-01 -1.998035e+00  4.564912e+00
      vertex   4.116179e-01 -1.998035e+00  4.564912e+00
      vertex   0.000000e+00 -1.332024e+00  4.819306e+00
    endloop
  endfacet
  facet normal  0.000000e+00  3.568227e-01  9.341722e-01
    outer loop
      vertex   4.116179e-01  1.998035e+00  4.564912e+00
      vertex  -4.116179e-01  1.998035e+00  4.564912e+00
      vertex   0.000000e+00  1.332024e+00  4.819306e+00
    endloop
  endfacet
  facet normal  0.000000e+00  3.568227e-01 -9.341722e-01
    outer loop
      vertex  -4.116179e-01  1.998035e+00 -4.564912e+00
      vertex   4.116179e-01  1.998035e+00 -4.564912e+00
      vertex   0.000000e+00  1.332024e+00 -4.819306e+00
    endloop
  endfacet
  facet normal -0.000000e+00 -3.568227e-01 -9.341722e-01
    outer loop
      vertex   4.116179e-01 -1.998035e+00 -4.564912e+00
      vertex  -4.116179e-01 -1.998035e+00 -4.564912e+00
      vertex   0.000000e+00 -1.332024e+00 -4.819306e+00
    endloop
  endfacet
  facet normal  5.773503e-01  5.773503e-01  5.773503e-01
    outer loop
      vertex   3.232889e+00  2.566877e+00  2.821271e+00
      vertex   2.821271e+00  3.232889e+00  2.566877e+00
      vertex   2.566877e+00  2.821271e+00  3.232889e+00
    endloop
  endfacet
  facet normal -5.773503e-01  5.773503e-01  5.773503e-01
    outer loop
      vertex  -3.232889e+00  2.566877e+00  2.821271e+00
      vertex  -2.566877e+00  2.821271e+00  3.232889e+00
      vertex  -2.821271e+00  3.232889e+00  2.566877e+00
    endloop
  endfacet
  facet normal  5.773503e-01  5.773503e-01 -5.773503e-01
    outer loop
      vertex   3.232889e+00  2.566877e+00 -2.821271e+00
      vertex   2.566877e+00  2.821271e+00 -3.232889e+00
      vertex   2.821271e+00  3.232889e+00 -2.566877e+00
    endloop
  endfacet
  facet normal -5.773503e-01  5.773503e-01 -5.773503e-01
    outer loop
      vertex  -3.232889e+00  2.566877e+00 -2.821271e+00
      vertex  -2.821271e+00  3.232889e+00 -2.566877e+00
      vertex  -2.566877e+00  2.821271e+00 -3.232889e+00
    endloop
  endfacet
  facet normal  5.773503e-01 -5.773503e-01  5.773503e-01
    outer loop
      vertex   3.232889e+00 -2.566877e+00  2.821271e+00
      vertex   2.566877e+00 -2.821271e+00  3.232889e+00
      vertex   2.821271e+00 -3.232889e+00  2.566877e+00
    endloop
  endfacet
  facet normal -5.773503e-01 -5.773503e-01  5.773503e-01
    outer loop
      vertex  -3.232889e+00 -2.566877e+00  2.821271e+00
      vertex  -2.821271e+00 -3.232889e+00  2.566877e+00
      vertex  -2.566877e+00 -2.821271e+00  3.232889e+00
    endloop
  endfacet
  facet normal  5.773503e-01 -5.773503e-01 -5.773503e-01
    outer loop
      vertex   3.232889e+00 -2.566877e+00 -2.821271e+00
      vertex   2.821271e+00 -3.232889e+00 -2.566877e+00
      vertex   2.566877e+00 -2.821271e+00 -3.232889e+00
    endloop
  endfacet
  facet normal -5.773503e-01 -5.773503e-01 -5.773503e-01
    outer loop
      vertex  -3.232889e+00 -2.566877e+00 -2.821271e+00
      vertex  -2.566877e+00 -2.821271e+00 -3.232889e+00
      vertex  -2.821271e+00 -3.232889e+00 -2.566877e+00
    endloop
  endfacet
  facet normal  1.811507e-01  9.403266e-01 -2.880455e-01
    outer loop
      vertex   6.639624e-01  4.831963e+00 -1.100585e+00
      vertex   1.320414e+00  4.581221e+00 -1.506294e+00
      vertex   6.582768e-01  4.621523e+00 -1.791144e+00
    endloop
  endfacet
  facet normal  1.811507e-01  9.403266e-01  2.880455e-01
    outer loop
      vertex   6.582768e-01  4.621523e+00  1.791144e+00
      vertex   1.320414e+00  4.581221e+00  1.506294e+00
      vertex   6.639624e-01  4.831963e+00  1.100585e+00
    endloop
  endfacet
  facet normal  6.472183e-01  7.623047e-01  0.000000e+00
    outer loop
      vertex   3.101198e+00  3.901022e+00  4.057092e-01
      vertex   3.556409e+00  3.514535e+00  0.000000e+00
      vertex   3.101198e+00  3.901022e+00 -4.057092e-01
    endloop
  endfacet
  facet normal -1.811507e-01  9.403266e-01  2.880455e-01
    outer loop
      vertex  -6.639624e-01  4.831963e+00  1.100585e+00
      vertex  -1.320414e+00  4.581221e+00  1.506294e+00
      vertex  -6.582768e-01  4.621523e+00  1.791144e+00
    endloop
  endfacet
  facet normal -1.811507e-01  9.403266e-01 -2.880455e-01
    outer loop
      vertex  -6.582768e-01  4.621523e+00 -1.791144e+00
      vertex  -1.320414e+00  4.581221e+00 -1.506294e+00
      vertex  -6.639624e-01  4.831963e+00 -1.100585e+00
    endloop
  endfacet
  facet normal -6.472183e-01  7.623047e-01  0.000000e+00
    outer loop
      vertex  -3.101198e+00  3.901022e+00 -4.057092e-01
      vertex  -3.556409e+00  3.514535e+00  0.000000e+00
      vertex  -3.101198e+00  3.901022e+00  4.057092e-01
    endloop
  endfacet
  facet normal  1.811507e-01 -9.403266e-01  2.880455e-01
    outer loop
      vertex   6.639624e-01 -4.831963e+00  1.100585e+00
      vertex   1.320414e+00 -4.581221e+00  1.506294e+00
      vertex   6.582768e-01 -4.621523e+00  1.791144e+00
    endloop
  endfacet
  facet normal  1.811507e-01 -9.403266e-01 -2.880455e-01
    outer loop
      vertex   6.582768e-01 -4.621523e+00 -1.791144e+00
      vertex   1.320414e+00 -4.581221e+00 -1.506294e+00
      vertex   6.639624e-01 -4.831963e+00 -1.100585e+00
    endloop
  endfacet
  facet normal  6.472183e-01 -7.623047e-01  0.000000e+00
    outer loop
      vertex   3.101198e+00 -3.901022e+00 -4.057092e-01
      vertex   3.556409e+00 -3.514535e+00  0.000000e+00
      vertex   3.101198e+00 -3.901022e+00  4.057092e-01
    endloop
  endfacet
  facet normal -1.811507e-01 -9.403266e-01 -2.880455e-01
    outer loop
      vertex  -6.639624e-01 -4.831963e+00 -1.100585e+00
      vertex  -1.320414e+00 -4.581221e+00 -1.506294e+00
      vertex  -6.582768e-01 -4.621523e+00 -1.791144e+00
    endloop
  endfacet
  facet normal -1.811507e-01 -9.403266e-01  2.880455e-01
    outer loop
      vertex  -6.582768e-01 -4.621523e+00  1.791144e+00
      vertex  -1.320414e+00 -4.581221e+00  1.506294e+00
      vertex  -6.639624e-01 -4.831963e+00  1.100585e+00
    endloop
  endfacet
  facet normal -6.472183e-01 -7.623047e-01 -0.000000e+00
    outer loop
      vertex  -3.101198e+00 -3.901022e+00  4.057092e-01
      vertex  -3.556409e+00 -3.514535e+00  0.000000e+00
      vertex  -3.101198e+00 -3.901022e+00 -4.057092e-01
    endloop
  endfacet
  facet normal  9.403266e-01  2.880455e-01 -1.811507e-01
    outer loop
      vertex   4.831963e+00  1.100585e+00 -6.639624e-01
      vertex   4.581221e+00  1.506294e+00 -1.320414e+00
      vertex   4.621523e+00  1.791144e+00 -6.582768e-01
    endloop
  endfacet
  facet normal  9.403266e-01 -2.880455e-01 -1.811507e-01
    outer loop
      vertex   4.621523e+00 -1.791144e+00 -6.582768e-01
      vertex   4.581221e+00 -1.506294e+00 -1.320414e+00
      vertex   4.831963e+00 -1.100585e+00 -6.639624e-01
    endloop
  endfacet
  facet normal  7.623047e-01  0.000000e+00 -6.472183e-01
    outer loop
      vertex   3.901022e+00 -4.057092e-01 -3.101198e+00
      vertex   3.514535e+00  0.000000e+00 -3.556409e+00
      vertex   3.901022e+00  4.057092e-01 -3.101198e+00
    endloop
  endfacet
  facet normal  9.403266e-01 -2.880455e-01  1.811507e-01
    outer loop
      vertex   4.831963e+00 -1.100585e+00  6.639624e-01
      vertex   4.581221e+00 -1.506294e+00  1.320414e+00
      vertex   4.621523e+00 -1.791144e+00  6.582768e-01
    endloop
  endfacet
  facet normal  9.403266e-01  2.880455e-01  1.811507e-01
    outer loop
      vertex   4.621523e+00  1.791144e+00  6.582768e-01
      vertex   4.581221e+00  1.506294e+00  1.320414e+00
      vertex   4.831963e+00  1.100585e+00  6.639624e-01
    endloop
  endfacet
  facet normal  7.623047e-01  0.000000e+00  6.472183e-01
    outer loop
      vertex   3.901022e+00  4.057092e-01  3.101198e+00
      vertex   3.514535e+00  0.000000e+00  3.556409e+00
      vertex   3.901022e+00 -4.057092e-01  3.101198e+00
    endloop
  endfacet
  facet normal -9.403266e-01  2.880455e-01  1.811507e-01
    outer loop
      vertex  -4.831963e+00  1.100585e+00  6.639624e-01
      vertex  -4.581221e+00  1.506294e+00  1.320414e+00
      vertex  -4.621523e+00  1.791144e+00  6.582768e-01
    endloop
  endfacet
  facet normal -9.403266e-01 -2.880455e-01  1.811507e-01
    outer loop
      vertex  -4.621523e+00 -1.791144e+00  6.582768e-01
      vertex  -4.581221e+00 -1.506294e+00  1.320414e+00
      vertex  -4.831963e+00 -1.100585e+00  6.639624e-01
    endloop
  endfacet
  facet normal -7.623047e-01  0.000000e+00  6.472183e-01
    outer loop
      vertex  -3.901022e+00 -4.057092e-01  3.101198e+00
      vertex  -3.514535e+00  0.000000e+00  3.556409e+00
      vertex  -3.901022e+00  4.057092e-01  3.101198e+00
    endloop
  endfacet
  facet normal -9.403266e-01 -2.880455e-01 -1.811507e-01
    outer loop
      vertex  -4.831963e+00 -1.100585e+00 -6.639624e-01
      vertex  -4.581221e+00 -1.506294e+00 -1.320414e+00
      vertex  -4.621523e+00 -1.791144e+00 -6.582768e-01
    endloop
  endfacet
  facet normal -9.403266e-01  2.880455e-01 -1.811507e-01
    outer loop
      vertex  -4.621523e+00  1.791144e+00 -6.582768e-01
      vertex  -4.581221e+00  1.506294e+00 -1.320414e+00
      vertex  -4.831963e+00  1.100585e+00 -6.639624e-01
    endloop
  endfacet
  facet normal -7.623047e-01 -0.000000e+00 -6.472183e-01
    outer loop
      vertex  -3.901022e+00  4.057092e-01 -3.101198e+00
      vertex  -3.514535e+00  0.000000e+00 -3.556409e+00
      vertex  -3.901022e+00 -4.057092e-01 -3.101198e+00
    endloop
  endfacet
  facet normal  2.880456e-01 -1.811507e-01  9.403267e-01
    outer loop
      vertex   1.100585e+00 -6.639624e-01  4.831963e+00
      vertex   1.506294e+00 -1.320414e+00  4.581221e+00
      vertex   1.791144e+00 -6.582768e-01  4.621523e+00
    endloop
  endfacet
  facet normal -2.880456e-01 -1.811507e-01  9.403267e-01
    outer loop
      vertex  -1.791144e+00 -6.582768e-01  4.621523e+00
      vertex  -1.506294e+00 -1.320414e+00  4.581221e+00
      vertex  -1.100585e+00 -6.639624e-01  4.831963e+00
    endloop
  endfacet
  facet normal  0.000000e+00 -6.472183e-01  7.623047e-01
    outer loop
      vertex  -4.057092e-01 -3.101198e+00  3.901022e+00
      vertex   0.000000e+00 -3.556409e+00  3.514535e+00
      vertex   4.057092e-01 -3.101198e+00  3.901022e+00
    endloop
  endfacet
  facet normal -2.880456e-01  1.811507e-01  9.403267e-01
    outer loop
      vertex  -1.100585e+00  6.639624e-01  4.831963e+00
      vertex  -1.506294e+00  1.320414e+00  4.581221e+00
      vertex  -1.791144e+00  6.582768e-01  4.621523e+00
    endloop
  endfacet
  facet normal  2.880456e-01  1.811507e-01  9.403267e-01
    outer loop
      vertex   1.791144e+00  6.582768e-01  4.621523e+00
      vertex   1.506294e+00  1.320414e+00  4.581221e+00
      vertex   1.100585e+00  6.639624e-01  4.831963e+00
    endloop
  endfacet
  facet normal  0.000000e+00  6.472183e-01  7.623047e-01
    outer loop
      vertex   4.057092e-01  3.101198e+00  3.901022e+00
      vertex   0.000000e+00  3.556409e+00  3.514535e+00
      vertex  -4.057092e-01  3.101198e+00  3.901022e+00
    endloop
  endfacet
  facet normal  2.880456e-01  1.811507e-01 -9.403267e-01
    outer loop
      vertex   1.100585e+00  6.639624e-01 -4.831963e+00
      vertex   1.506294e+00  1.320414e+00 -4.581221e+00
      vertex   1.791144e+00  6.582768e-01 -4.621523e+00
    endloop
  endfacet
  facet normal -2.880456e-01  1.811507e-01 -9.403267e-01
    outer loop
      vertex  -1.791144e+00  6.582768e-01 -4.621523e+00
      vertex  -1.506294e+00  1.320414e+00 -4.581221e+00
      vertex  -1.100585e+00  6.639624e-01 -4.831963e+00
    endloop
  endfacet
  facet normal  0.000000e+00  6.472183e-01 -7.623047e-01
    outer loop
      vertex  -4.057092e-01  3.101198e+00 -3.901022e+00
      vertex   0.000000e+00  3.556409e+00 -3.514535e+00
      vertex   4.057092e-01  3.101198e+00 -3.901022e+00
    endloop
  endfacet
  facet normal -2.880456e-01 -1.811507e-01 -9.403267e-01
    outer loop
      vertex  -1.100585e+00 -6.639624e-01 -4.831963e+00
      vertex  -1.506294e+00 -1.320414e+00 -4.581221e+00
      vertex  -1.791144e+00 -6.582768e-01 -4.621523e+00
    endloop
  endfacet
  facet normal  2.880456e-01 -1.811507e-01 -9.403267e-01
    outer loop
      vertex   1.791144e+00 -6.582768e-01 -4.621523e+00
      vertex   1.506294e+00 -1.320414e+00 -4.581221e+00
      vertex   1.100585e+00 -6.639624e-01 -4.831963e+00
    endloop
  endfacet
  facet normal -0.000000e+00 -6.472183e-01 -7.623047e-01
    outer loop
      vertex   4.057092e-01 -3.101198e+00 -3.901022e+00
      vertex   0.000000e+00 -3.556409e+00 -3.514535e+00
      vertex  -4.057092e-01 -3.101198e+00 -3.901022e+00
    endloop
  endfacet
  facet normal  2.931087e-01  7.591757e-01  5.811537e-01
    outer loop
      vertex   1.480023e+00  3.511549e+00  3.237059e+00
      vertex   1.730765e+00  3.917258e+00  2.580608e+00
      vertex   1.065114e+00  3.963246e+00  2.856258e+00
    endloop
  endfacet
  facet normal  5.811537e-01  2.931087e-01  7.591757e-01
    outer loop
      vertex   2.856258e+00  1.065114e+00  3.963246e+00
      vertex   3.237059e+00  1.480023e+00  3.511549e+00
      vertex   2.580608e+00  1.730765e+00  3.917258e+00
    endloop
  endfacet
  facet normal  7.591757e-01  5.811537e-01  2.931087e-01
    outer loop
      vertex   3.917258e+00  2.580608e+00  1.730765e+00
      vertex   3.963246e+00  2.856258e+00  1.065114e+00
      vertex   3.511549e+00  3.237059e+00  1.480023e+00
    endloop
  endfacet
  facet normal -2.931087e-01  7.591757e-01  5.811537e-01
    outer loop
      vertex  -1.730765e+00  3.917258e+00  2.580608e+00
      vertex  -1.480023e+00  3.511549e+00  3.237059e+00
      vertex  -1.065114e+00  3.963246e+00  2.856258e+00
    endloop
  endfacet
  facet normal -7.591757e-01  5.811537e-01  2.931087e-01
    outer loop
      vertex  -3.963246e+00  2.856258e+00  1.065114e+00
      vertex  -3.917258e+00  2.580608e+00  1.730765e+00
      vertex  -3.511549e+00  3.237059e+00  1.480023e+00
    endloop
  endfacet
  facet normal -5.811537e-01  2.931087e-01  7.591757e-01
    outer loop
      vertex  -3.237059e+00  1.480023e+00  3.511549e+00
      vertex  -2.856258e+00  1.065114e+00  3.963246e+00
      vertex  -2.580608e+00  1.730765e+00  3.917258e+00
    endloop
  endfacet
  facet normal  2.931087e-01  7.591757e-01 -5.811537e-01
    outer loop
      vertex   1.730765e+00  3.917258e+00 -2.580608e+00
      vertex   1.480023e+00  3.511549e+00 -3.237059e+00
      vertex   1.065114e+00  3.963246e+00 -2.856258e+00
    endloop
  endfacet
  facet normal  7.591757e-01  5.811537e-01 -2.931087e-01
    outer loop
      vertex   3.963246e+00  2.856258e+00 -1.065114e+00
      vertex   3.917258e+00  2.580608e+00 -1.730765e+00
      vertex   3.511549e+00  3.237059e+00 -1.480023e+00
    endloop
  endfacet
  facet normal  5.811537e-01  2.931087e-01 -7.591757e-01
    outer loop
      vertex   3.237059e+00  1.480023e+00 -3.511549e+00
      vertex   2.856258e+00  1.065114e+00 -3.963246e+00
      vertex   2.580608e+00  1.730765e+00 -3.917258e+00
    endloop
  endfacet
  facet normal -2.931087e-01  7.591757e-01 -5.811537e-01
    outer loop
      vertex  -1.480023e+00  3.511549e+00 -3.237059e+00
      vertex  -1.730765e+00  3.917258e+00 -2.580608e+00
      vertex  -1.065114e+00  3.963246e+00 -2.856258e+00
    endloop
  endfacet
  facet normal -5.811537e-01  2.931087e-01 -7.591757e-01
    outer loop
      vertex  -2.856258e+00  1.065114e+00 -3.963246e+00
      vertex  -3.237059e+00  1.480023e+00 -3.511549e+00
      vertex  -2.580608e+00  1.730765e+00 -3.917258e+00
    endloop
  endfacet
  facet normal -7.591757e-01  5.811537e-01 -2.931087e-01
    outer loop
      vertex  -3.917258e+00  2.580608e+00 -1.730765e+00
      vertex  -3.963246e+00  2.856258e+00 -1.065114e+00
      vertex  -3.511549e+00  3.237059e+00 -1.480023e+00
    endloop
  endfacet
  facet normal  2.931087e-01 -7.591757e-01  5.811537e-01
    outer loop
      vertex   1.730765e+00 -3.917258e+00  2.580608e+00
      vertex   1.480023e+00 -3.511549e+00  3.237059e+00
      vertex   1.065114e+00 -3.963246e+00  2.856258e+00
    endloop
  endfacet
  facet normal  7.591757e-01 -5.811537e-01  2.931087e-01
    outer loop
      vertex   3.963246e+00 -2.856258e+00  1.065114e+00
      vertex   3.917258e+00 -2.580608e+00  1.730765e+00
      vertex   3.511549e+00 -3.237059e+00  1.480023e+00
    endloop
  endfacet
  facet normal  5.811537e-01 -2.931087e-01  7.591757e-01
    outer loop
      vertex   3.237059e+00 -1.480023e+00  3.511549e+00
      vertex   2.856258e+00 -1.065114e+00  3.963246e+00
      vertex   2.580608e+00 -1.730765e+00  3.917258e+00
    endloop
  endfacet
  facet normal -2.931087e-01 -7.591757e-01  5.811537e-01
    outer loop
      vertex  -1.480023e+00 -3.511549e+00  3.237059e+00
      vertex  -1.730765e+00 -3.917258e+00  2.580608e+00
      vertex  -1.065114e+00 -3.963246e+00  2.856258e+00
    endloop
  endfacet
  facet normal -5.811537e-01 -2.931087e-01  7.591757e-01
    outer loop
      vertex  -2.856258e+00 -1.065114e+00  3.963246e+00
      vertex  -3.237059e+00 -1.480023e+00  3.511549e+00
      vertex  -2.580608e+00 -1.730765e+00  3.917258e+00
    endloop
  endfacet
  facet normal -7.591757e-01 -5.811537e-01  2.931087e-01
    outer loop
      vertex  -3.917258e+00 -2.580608e+00  1.730765e+00
      vertex  -3.963246e+00 -2.856258e+00  1.065114e+00
      vertex  -3.511549e+00 -3.237059e+00  1.480023e+00
    endloop
  endfacet
  facet normal  2.931087e-01 -7.591757e-01 -5.811537e-01
    outer loop
      vertex   1.480023e+00 -3.511549e+00 -3.237059e+00
      vertex   1.730765e+00 -3.917258e+00 -2.580608e+00
      vertex   1.065114e+00 -3.963246e+00 -2.856258e+00
    endloop
  endfacet
  facet normal  5.811537e-01 -2.931087e-01 -7.591757e-01
    outer loop
      vertex   2.856258e+00 -1.065114e+00 -3.963246e+00
      vertex   3.237059e+00 -1.480023e+00 -3.511549e+00
      vertex   2.580608e+00 -1.730765e+00 -3.917258e+00
    endloop
  endfacet
  facet normal  7.591757e-01 -5.811537e-01 -2.931087e-01
    outer loop
      vertex   3.917258e+00 -2.580608e+00 -1.730765e+00
      vertex   3.963246e+00 -2.856258e+00 -1.065114e+00
      vertex   3.511549e+00 -3.237059e+00 -1.480023e+00
    endloop
  endfacet
  facet normal -2.931087e-01 -7.591757e-01 -5.811537e-01
    outer loop
      vertex  -1.730765e+00 -3.917258e+00 -2.580608e+00
      vertex  -1.480023e+00 -3.511549e+00 -3.237059e+00
      vertex  -1.065114e+00 -3.963246e+00 -2.856258e+00
    endloop
  endfacet
  facet normal -7.591757e-01 -5.811537e-01 -2.931087e-01
    outer loop
      vertex  -3.963246e+00 -2.856258e+00 -1.065114e+00
      vertex  -3.917258e+00 -2.580608e+00 -1.730765e+00
      vertex  -3.511549e+00 -3.237059e+00 -1.480023e+00
    endloop
  endfacet
  facet normal -5.811537e-01 -2.931087e-01 -7.591757e-01
    outer loop
      vertex  -3.237059e+00 -1.480023e+00 -3.511549e+00
      vertex  -2.856258e+00 -1.065114e+00 -3.963246e+00
      vertex  -2.580608e+00 -1.730765e+00 -3.917258e+00
    endloop
  endfacet
  facet normal  1.759171e-01  9.844050e-01  0.000000e+00
    outer loop
      vertex   6.653556e-01  4.938442e+00  4.112123e-01
      vertex   1.332024e+00  4.819306e+00  0.000000e+00
      vertex   6.653556e-01  4.938442e+00 -4.112123e-01
    endloop
  endfacet
  facet normal  4.378409e-01  8.843590e-01  1.618778e-01
    outer loop
      vertex   1.930937e+00  4.455033e+00  1.193385e+00
      vertex   2.596292e+00  4.200890e+00  7.821723e-01
      vertex   1.998035e+00  4.564912e+00  4.116179e-01
    endloop
  endfacet
  facet normal  4.378409e-01  8.843590e-01 -1.618778e-01
    outer loop
      vertex   1.998035e+00  4.564912e+00 -4.116179e-01
      vertex   2.596292e+00  4.200890e+00 -7.821723e-01
      vertex   1.930937e+00  4.455033e+00 -1.193385e+00
    endloop
  endfacet
  facet normal -1.759171e-01  9.844050e-01  0.000000e+00
    outer loop
      vertex  -6.653556e-01  4.938442e+00 -4.112123e-01
      vertex  -1.332024e+00  4.819306e+00  0.000000e+00
      vertex  -6.653556e-01  4.938442e+00  4.112123e-01
    endloop
  endfacet
  facet normal -4.378409e-01  8.843590e-01 -1.618778e-01
    outer loop
      vertex  -1.930937e+00  4.455033e+00 -1.193385e+00
      vertex  -2.596292e+00  4.200890e+00 -7.821723e-01
      vertex  -1.998035e+00  4.564912e+00 -4.116179e-01
    endloop
  endfacet
  facet normal -4.378409e-01  8.843590e-01  1.618778e-01
    outer loop
      vertex  -1.998035e+00  4.564912e+00  4.116179e-01
      vertex  -2.596292e+00  4.200890e+00  7.821723e-01
      vertex  -1.930937e+00  4.455033e+00  1.193385e+00
    endloop
  endfacet
  facet normal  1.759171e-01 -9.844050e-01  0.000000e+00
    outer loop
      vertex   6.653556e-01 -4.938442e+00 -4.112123e-01
      vertex   1.332024e+00 -4.819306e+00  0.000000e+00
      vertex   6.653556e-01 -4.938442e+00  4.112123e-01
    endloop
  endfacet
  facet normal  4.378409e-01 -8.843590e-01 -1.618778e-01
    outer loop
      vertex   1.930937e+00 -4.455033e+00 -1.193385e+00
      vertex   2.596292e+00 -4.200890e+00 -7.821723e-01
      vertex   1.998035e+00 -4.564912e+00 -4.116179e-01
    endloop
  endfacet
  facet normal  4.378409e-01 -8.843590e-01  1.618778e-01
    outer loop
      vertex   1.998035e+00 -4.564912e+00  4.116179e-01
      vertex   2.596292e+00 -4.200890e+00  7.821723e-01
      vertex   1.930937e+00 -4.455033e+00  1.193385e+00
    endloop
  endfacet
  facet normal -1.759171e-01 -9.844050e-01 -0.000000e+00
    outer loop
      vertex  -6.653556e-01 -4.938442e+00  4.112123e-01
      vertex  -1.332024e+00 -4.819306e+00  0.000000e+00
      vertex  -6.653556e-01 -4.938442e+00 -4.112123e-01
    endloop
  endfacet
  facet normal -4.378409e-01 -8.843590e-01  1.618778e-01
    outer loop
      vertex  -1.930937e+00 -4.455033e+00  1.193385e+00
      vertex  -2.596292e+00 -4.200890e+00  7.821723e-01
      vertex  -1.998035e+00 -4.564912e+00  4.116179e-01
    endloop
  endfacet
  facet normal -4.378409e-01 -8.843590e-01 -1.618778e-01
    outer loop
      vertex  -1.998035e+00 -4.564912e+00 -4.116179e-01
      vertex  -2.596292e+00 -4.200890e+00 -7.821723e-01
      vertex  -1.930937e+00 -4.455033e+00 -1.193385e+00
    endloop
  endfacet
  facet normal  9.844050e-01  0.000000e+00 -1.759171e-01
    outer loop
      vertex   4.938442e+00 -4.112123e-01 -6.653556e-01
      vertex   4.819306e+00  0.000000e+00 -1.332024e+00
      vertex   4.938442e+00  4.112123e-01 -6.653556e-01
    endloop
  endfacet
  facet normal  8.843590e-01 -1.618778e-01 -4.378409e-01
    outer loop
      vertex   4.455033e+00 -1.193385e+00 -1.930937e+00
      vertex   4.200890e+00 -7.821723e-01 -2.596292e+00
      vertex   4.564912e+00 -4.116179e-01 -1.998035e+00
    endloop
  endfacet
  facet normal  8.843590e-01  1.618778e-01 -4.378409e-01
    outer loop
      vertex   4.564912e+00  4.116179e-01 -1.998035e+00
      vertex   4.200890e+00  7.821723e-01 -2.596292e+00
      vertex   4.455033e+00  1.193385e+00 -1.930937e+00
    endloop
  endfacet
  facet normal  9.844050e-01  0.000000e+00  1.759171e-01
    outer loop
      vertex   4.938442e+00  4.112123e-01  6.653556e-01
      vertex   4.819306e+00  0.000000e+00  1.332024e+00
      vertex   4.938442e+00 -4.112123e-01  6.653556e-01
    endloop
  endfacet
  facet normal  8.843590e-01  1.618778e-01  4.378409e-01
    outer loop
      vertex   4.455033e+00  1.193385e+00  1.930937e+00
      vertex   4.200890e+00  7.821723e-01  2.596292e+00
      vertex   4.564912e+00  4.116179e-01  1.998035e+00
    endloop
  endfacet
  facet normal  8.843590e-01 -1.618778e-01  4.378409e-01
    outer loop
      vertex   4.564912e+00 -4.116179e-01  1.998035e+00
      vertex   4.200890e+00 -7.821723e-01  2.596292e+00
      vertex   4.455033e+00 -1.193385e+00  1.930937e+00
    endloop
  endfacet
  facet normal -9.844050e-01  0.000000e+00  1.759171e-01
    outer loop
      vertex  -4.938442e+00 -4.112123e-01  6.653556e-01
      vertex  -4.819306e+00  0.000000e+00  1.332024e+00
      vertex  -4.938442e+00  4.112123e-01  6.653556e-01
    endloop
  endfacet
  facet normal -8.843590e-01 -1.618778e-01  4.378409e-01
    outer loop
      vertex  -4.455033e+00 -1.193385e+00  1.930937e+00
      vertex  -4.200890e+00 -7.821723e-01  2.596292e+00
      vertex  -4.564912e+00 -4.116179e-01  1.998035e+00
    endloop
  endfacet
  facet normal -8.843590e-01  1.618778e-01  4.378409e-01
    outer loop
      vertex  -4.564912e+00  4.116179e-01  1.998035e+00
      vertex  -4.200890e+00  7.821723e-01  2.596292e+00
      vertex  -4.455033e+00  1.193385e+00  1.930937e+00
    endloop
  endfacet
  facet normal -9.844050e-01 -0.000000e+00 -1.759171e-01
    outer loop
      vertex  -4.938442e+00  4.112123e-01 -6.653556e-01
      vertex  -4.819306e+00  0.000000e+00 -1.332024e+00
      vertex  -4.938442e+00 -4.112123e-01 -6.653556e-01
    endloop
  endfacet
  facet normal -8.843590e-01  1.618778e-01 -4.378409e-01
    outer loop
      vertex  -4.455033e+00  1.193385e+00 -1.930937e+00
      vertex  -4.200890e+00  7.821723e-01 -2.596292e+00
      vertex  -4.564912e+00  4.116179e-01 -1.998035e+00
    endloop
  endfacet
  facet normal -8.843590e-01 -1.618778e-01 -4.378409e-01
    outer loop
      vertex  -4.564912e+00 -4.116179e-01 -1.998035e+00
      vertex  -4.200890e+00 -7.821723e-01 -2.596292e+00
      vertex  -4.455033e+00 -1.193385e+00 -1.930937e+00
    endloop
  endfacet
  facet normal  0.000000e+00 -1.759171e-01  9.844050e-01
    outer loop
      vertex  -4.112123e-01 -6.653556e-01  4.938442e+00
      vertex   0.000000e+00 -1.332024e+00  4.819306e+00
      vertex   4.112123e-01 -6.653556e-01  4.938442e+00
    endloop
  endfacet
  facet normal -1.618778e-01 -4.378409e-01  8.843590e-01
    outer loop
      vertex  -1.193385e+00 -1.930937e+00  4.455033e+00
      vertex  -7.821723e-01 -2.596292e+00  4.200890e+00
      vertex  -4.116179e-01 -1.998035e+00  4.564912e+00
    endloop
  endfacet
  facet normal  1.618778e-01 -4.378409e-01  8.843590e-01
    outer loop
      vertex   4.116179e-01 -1.998035e+00  4.564912e+00
      vertex   7.821723e-01 -2.596292e+00  4.200890e+00
      vertex   1.193385e+00 -1.930937e+00  4.455033e+00
    endloop
  endfacet
  facet normal  0.000000e+00  1.759171e-01  9.844050e-01
    outer loop
      vertex   4.112123e-01  6.653556e-01  4.938442e+00
      vertex   0.000000e+00  1.332024e+00  4.819306e+00
      vertex  -4.112123e-01  6.653556e-01  4.938442e+00
    endloop
  endfacet
  facet normal  1.618778e-01  4.378409e-01  8.843590e-01
    outer loop
      vertex   1.193385e+00  1.930937e+00  4.455033e+00
      vertex   7.821723e-01  2.596292e+00  4.200890e+00
      vertex   4.116179e-01  1.998035e+00  4.564912e+00
    endloop
  endfacet
  facet normal -1.618778e-01  4.378409e-01  8.843590e-01
    outer loop
      vertex  -4.116179e-01  1.998035e+00  4.564912e+00
      vertex  -7.821723e-01  2.596292e+00  4.200890e+00
      vertex  -1.193385e+00  1.930937e+00  4.455033e+00
    endloop
  endfacet
  facet normal  0.000000e+00  1.759171e-01 -9.844050e-01
    outer loop
      vertex  -4.112123e-01  6.653556e-01 -4.938442e+00
      vertex   0.000000e+00  1.332024e+00 -4.819306e+00
      vertex   4.112123e-01  6.653556e-01 -4.938442e+00
    endloop
  endfacet
  facet normal -1.618778e-01  4.378409e-01 -8.843590e-01
    outer loop
      vertex  -1.193385e+00  1.930937e+00 -4.455033e+00
      vertex  -7.821723e-01  2.596292e+00 -4.200890e+00
      vertex  -4.116179e-01  1.998035e+00 -4.564912e+00
    endloop
  endfacet
  facet normal  1.618778e-01  4.378409e-01 -8.843590e-01
    outer loop
      vertex   4.116179e-01  1.998035e+00 -4.564912e+00
      vertex   7.821723e-01  2.596292e+00 -4.200890e+00
      vertex   1.193385e+00  1.930937e+00 -4.455033e+00
    endloop
  endfacet
  facet normal -0.000000e+00 -1.759171e-01 -9.844050e-01
    outer loop
      vertex   4.112123e-01 -6.653556e-01 -4.938442e+00
      vertex   0.000000e+00 -1.332024e+00 -4.819306e+00
      vertex  -4.112123e-01 -6.653556e-01 -4.938442e+00
    endloop
  endfacet
  facet normal  1.618778e-01 -4.378409e-01 -8.843590e-01
    outer loop
      vertex   1.193385e+00 -1.930937e+00 -4.455033e+00
      vertex   7.821723e-01 -2.596292e+00 -4.200890e+00
      vertex   4.116179e-01 -1.998035e+00 -4.564912e+00
    endloop
  endfacet
  facet normal -1.618778e-01 -4.378409e-01 -8.843590e-01
    outer loop
      vertex  -4.116179e-01 -1.998035e+00 -4.564912e+00
      vertex  -7.821723e-01 -2.596292e+00 -4.200890e+00
      vertex  -1.193385e+00 -1.930937e+00 -4.455033e+00
    endloop
  endfacet
  facet normal  4.465171e-01  5.465636e-01  7.084424e-01
    outer loop
      vertex   2.269953e+00  2.342149e+00  3.789677e+00
      vertex   2.566877e+00  2.821271e+00  3.232889e+00
      vertex   1.858740e+00  3.007505e+00  3.535534e+00
    endloop
  endfacet
  facet normal  7.084424e-01  4.465171e-01  5.465636e-01
    outer loop
      vertex   3.535534e+00  1.858740e+00  3.007505e+00
      vertex   3.789677e+00  2.269953e+00  2.342149e+00
      vertex   3.232889e+00  2.566877e+00  2.821271e+00
    endloop
  endfacet
  facet normal  5.465636e-01  7.084424e-01  4.465171e-01
    outer loop
      vertex   2.821271e+00  3.232889e+00  2.566877e+00
      vertex   3.007505e+00  3.535534e+00  1.858740e+00
      vertex   2.342149e+00  3.789677e+00  2.269953e+00
    endloop
  endfacet
  facet normal -5.465636e-01  7.084424e-01  4.465171e-01
    outer loop
      vertex  -3.007505e+00  3.535534e+00  1.858740e+00
      vertex  -2.821271e+00  3.232889e+00  2.566877e+00
      vertex  -2.342149e+00  3.789677e+00  2.269953e+00
    endloop
  endfacet
  facet normal -7.084424e-01  4.465171e-01  5.465636e-01
    outer loop
      vertex  -3.789677e+00  2.269953e+00  2.342149e+00
      vertex  -3.535534e+00  1.858740e+00  3.007505e+00
      vertex  -3.232889e+00  2.566877e+00  2.821271e+00
    endloop
  endfacet
  facet normal -4.465171e-01  5.465636e-01  7.084424e-01
    outer loop
      vertex  -2.566877e+00  2.821271e+00  3.232889e+00
      vertex  -2.269953e+00  2.342149e+00  3.789677e+00
      vertex  -1.858740e+00  3.007505e+00  3.535534e+00
    endloop
  endfacet
  facet normal  5.465636e-01  7.084424e-01 -4.465171e-01
    outer loop
      vertex   3.007505e+00  3.535534e+00 -1.858740e+00
      vertex   2.821271e+00  3.232889e+00 -2.566877e+00
      vertex   2.342149e+00  3.789677e+00 -2.269953e+00
    endloop
  endfacet
  facet normal  7.084424e-01  4.465171e-01 -5.465636e-01
    outer loop
      vertex   3.789677e+00  2.269953e+00 -2.342149e+00
      vertex   3.535534e+00  1.858740e+00 -3.007505e+00
      vertex   3.232889e+00  2.566877e+00 -2.821271e+00
    endloop
  endfacet
  facet normal  4.465171e-01  5.465636e-01 -7.084424e-01
    outer loop
      vertex   2.566877e+00  2.821271e+00 -3.232889e+00
      vertex   2.269953e+00  2.342149e+00 -3.789677e+00
      vertex   1.858740e+00  3.007505e+00 -3.535534e+00
    endloop
  endfacet
  facet normal -4.465171e-01  5.465636e-01 -7.084424e-01
    outer loop
      vertex  -2.269953e+00  2.342149e+00 -3.789677e+00
      vertex  -2.566877e+00  2.821271e+00 -3.232889e+00
      vertex  -1.858740e+00  3.007505e+00 -3.535534e+00
    endloop
  endfacet
  facet normal -7.084424e-01  4.465171e-01 -5.465636e-01
    outer loop
      vertex  -3.535534e+00  1.858740e+00 -3.007505e+00
      vertex  -3.789677e+00  2.269953e+00 -2.342149e+00
      vertex  -3.232889e+00  2.566877e+00 -2.821271e+00
    endloop
  endfacet
  facet normal -5.465636e-01  7.084424e-01 -4.465171e-01
    outer loop
      vertex  -2.821271e+00  3.232889e+00 -2.566877e+00
      vertex  -3.007505e+00  3.535534e+00 -1.858740e+00
      vertex  -2.342149e+00  3.789677e+00 -2.269953e+00
    endloop
  endfacet
  facet normal  5.465636e-01 -7.084424e-01  4.465171e-01
    outer loop
      vertex   3.007505e+00 -3.535534e+00  1.858740e+00
      vertex   2.821271e+00 -3.232889e+00  2.566877e+00
      vertex   2.342149e+00 -3.789677e+00  2.269953e+00
    endloop
  endfacet
  facet normal  7.084424e-01 -4.465171e-01  5.465636e-01
    outer loop
      vertex   3.789677e+00 -2.269953e+00  2.342149e+00
      vertex   3.535534e+00 -1.858740e+00  3.007505e+00
      vertex   3.232889e+00 -2.566877e+00  2.821271e+00
    endloop
  endfacet
  facet normal  4.465171e-01 -5.465636e-01  7.084424e-01
    outer loop
      vertex   2.566877e+00 -2.821271e+00  3.232889e+00
      vertex   2.269953e+00 -2.342149e+00  3.789677e+00
      vertex   1.858740e+00 -3.007505e+00  3.535534e+00
    endloop
  endfacet
  facet normal -4.465171e-01 -5.465636e-01  7.084424e-01
    outer loop
      vertex  -2.269953e+00 -2.342149e+00  3.789677e+00
      vertex  -2.566877e+00 -2.821271e+00  3.232889e+00
      vertex  -1.858740e+00 -3.007505e+00  3.535534e+00
    endloop
  endfacet
  facet normal -7.084424e-01 -4.465171e-01  5.465636e-01
    outer loop
      vertex  -3.535534e+00 -1.858740e+00  3.007505e+00
      vertex  -3.789677e+00 -2.269953e+00  2.342149e+00
      vertex  -3.232889e+00 -2.566877e+00  2.821271e+00
    endloop
  endfacet
  facet normal -5.465636e-01 -7.084424e-01  4.465171e-01
    outer loop
      vertex  -2.821271e+00 -3.232889e+00  2.566877e+00
      vertex  -3.007505e+00 -3.535534e+00  1.858740e+00
      vertex  -2.342149e+00 -3.789677e+00  2.269953e+00
    endloop
  endfacet
  facet normal  4.465171e-01 -5.465636e-01 -7.084424e-01
    outer loop
      vertex   2.269953e+00 -2.342149e+00 -3.789677e+00
      vertex   2.566877e+00 -2.821271e+00 -3.232889e+00
      vertex   1.858740e+00 -3.007505e+00 -3.535534e+00
    endloop
  endfacet
  facet normal  7.084424e-01 -4.465171e-01 -5.465636e-01
    outer loop
      vertex   3.535534e+00 -1.858740e+00 -3.007505e+00
      vertex   3.789677e+00 -2.269953e+00 -2.342149e+00
      vertex   3.232889e+00 -2.566877e+00 -2.821271e+00
    endloop
  endfacet
  facet normal  5.465636e-01 -7.084424e-01 -4.465171e-01
    outer loop
      vertex   2.821271e+00 -3.232889e+00 -2.566877e+00
      vertex   3.007505e+00 -3.535534e+00 -1.858740e+00
      vertex   2.342149e+00 -3.789677e+00 -2.269953e+00
    endloop
  endfacet
  facet normal -5.465636e-01 -7.084424e-01 -4.465171e-01
    outer loop
      vertex  -3.007505e+00 -3.535534e+00 -1.858740e+00
      vertex  -2.821271e+00 -3.232889e+00 -2.566877e+00
      vertex  -2.342149e+00 -3.789677e+00 -2.269953e+00
    endloop
  endfacet
  facet normal -7.084424e-01 -4.465171e-01 -5.465636e-01
    outer loop
      vertex  -3.789677e+00 -2.269953e+00 -2.342149e+00
      vertex  -3.535534e+00 -1.858740e+00 -3.007505e+00
      vertex  -3.232889e+00 -2.566877e+00 -2.821271e+00
    endloop
  endfacet
  facet normal -4.465171e-01 -5.465636e-01 -7.084424e-01
    outer loop
      vertex  -2.566877e+00 -2.821271e+00 -3.232889e+00
      vertex  -2.269953e+00 -2.342149e+00 -3.789677e+00
      vertex  -1.858740e+00 -3.007505e+00 -3.535534e+00
    endloop
  endfacet
  facet normal  8.207024e-02  9.017045e-01 -4.244919e-01
    outer loop
      vertex   0.000000e+00  4.575217e+00 -2.016777e+00
      vertex   6.582768e-01  4.621523e+00 -1.791144e+00
      vertex   6.560019e-01  4.324646e+00 -2.422209e+00
    endloop
  endfacet
  facet normal  8.410215e-02  9.847537e-01 -1.522731e-01
    outer loop
      vertex   0.000000e+00  4.952194e+00 -6.897613e-01
      vertex   6.653556e-01  4.938442e+00 -4.112123e-01
      vertex   6.639624e-01  4.831963e+00 -1.100585e+00
    endloop
  endfacet
  facet normal  3.431967e-01  8.857883e-01 -3.124020e-01
    outer loop
      vertex   1.320414e+00  4.581221e+00 -1.506294e+00
      vertex   1.930937e+00  4.455033e+00 -1.193385e+00
      vertex   1.918069e+00  4.219557e+00 -1.875193e+00
    endloop
  endfacet
  facet normal  8.410215e-02  9.847537e-01  1.522731e-01
    outer loop
      vertex   0.000000e+00  4.952194e+00  6.897613e-01
      vertex   6.639624e-01  4.831963e+00  1.100585e+00
      vertex   6.653556e-01  4.938442e+00  4.112123e-01
    endloop
  endfacet
  facet normal  8.207024e-02  9.017045e-01  4.244919e-01
    outer loop
      vertex   0.000000e+00  4.575217e+00  2.016777e+00
      vertex   6.560019e-01  4.324646e+00  2.422209e+00
      vertex   6.582768e-01  4.621523e+00  1.791144e+00
    endloop
  endfacet
  facet normal  3.431967e-01  8.857883e-01  3.124020e-01
    outer loop
      vertex   1.320414e+00  4.581221e+00  1.506294e+00
      vertex   1.918069e+00  4.219557e+00  1.875193e+00
      vertex   1.930937e+00  4.455033e+00  1.193385e+00
    endloop
  endfacet
  facet normal  5.895785e-01  7.916793e-01 -1.601280e-01
    outer loop
      vertex   2.596292e+00  4.200890e+00 -7.821723e-01
      vertex   3.101198e+00  3.901022e+00 -4.057092e-01
      vertex   3.034126e+00  3.793262e+00 -1.185432e+00
    endloop
  endfacet
  facet normal  5.895785e-01  7.916793e-01  1.601280e-01
    outer loop
      vertex   2.596292e+00  4.200890e+00  7.821723e-01
      vertex   3.034126e+00  3.793262e+00  1.185432e+00
      vertex   3.101198e+00  3.901022e+00  4.057092e-01
    endloop
  endfacet
  facet normal  7.689124e-01  6.393541e-01  0.000000e+00
    outer loop
      vertex   3.556409e+00  3.514535e+00  0.000000e+00
      vertex   3.919215e+00  3.078210e+00  4.054314e-01
      vertex   3.919215e+00  3.078210e+00 -4.054314e-01
    endloop
  endfacet
  facet normal -8.207024e-02  9.017045e-01  4.244919e-01
    outer loop
      vertex   0.000000e+00  4.575217e+00  2.016777e+00
      vertex  -6.582768e-01  4.621523e+00  1.791144e+00
      vertex  -6.560019e-01  4.324646e+00  2.422209e+00
    endloop
  endfacet
  facet normal -8.410215e-02  9.847537e-01  1.522731e-01
    outer loop
      vertex   0.000000e+00  4.952194e+00  6.897613e-01
      vertex  -6.653556e-01  4.938442e+00  4.112123e-01
      vertex  -6.639624e-01  4.831963e+00  1.100585e+00
    endloop
  endfacet
  facet normal -3.431967e-01  8.857883e-01  3.124020e-01
    outer loop
      vertex  -1.320414e+00  4.581221e+00  1.506294e+00
      vertex  -1.930937e+00  4.455033e+00  1.193385e+00
      vertex  -1.918069e+00  4.219557e+00  1.875193e+00
    endloop
